1,0.889325982,0.867759379,0.863382599,0.909641778,0.930726208,0.927988802,0.909332356,0.955783843,0.919966152,0.93521287,0.945123043,0.934225763,0.914115418,0.961222686,0.933066584,0.889588109,0.948315296,0.894931834,0.916764742,0.918098948,0.956029048,0.981146028,0.92622688,0.937131386,0.943386872,0.924389865,0.92588419,0.929329783,0.944102785,0.914244482,0.895896406,0.944185231,0.904201494,0.928641971,0.971417569,0.933781506,0.932487713,0.893341126,0.946330492,0.887877452,0.899720866,0.944014672,0.940337171,0.842913554,0.93121144,0.950218809,0.943359342,0.895560802,0.928401009,0.836279316,0.879502113,0.933386175,0.945690045,0.938789408,0.949420053,0.895186366,0.942063878,0.946974941,0.922252986,0.883255044,0.916473202,0.942565309,0.84270026,0.914557586,0.932303936,0.921872133,0.973862963,0.891024548,0.925197307,0.844945642,0.88735492,0.908038297,0.934932716,0.963302479,0.907802553,0.918837521,0.889624243,0.94075292,0.937550863,0.955533679,0.96213246,0.951559586,0.893566079,0.920938557,0.942894208,0.96019957,0.906738843,0.934720701,0.872657392,0.951515255,0.938648187,0.902217801,0.969839531,0.952833674,0.897260619,0.907821474,0.932062563,0.880367375,0.942209399
0.889325982,1,0.940293219,0.93629826,0.858554548,0.958374585,0.972003596,0.962493943,0.916289111,0.903886517,0.950526586,0.942663974,0.944641096,0.949453693,0.937641643,0.940411343,0.94647277,0.945214391,0.972946909,0.884990199,0.916509169,0.964400475,0.87371781,0.956664499,0.94775022,0.900294991,0.980542869,0.956408477,0.975741273,0.93557775,0.916667644,0.946070294,0.962619676,0.971431106,0.934775202,0.928858079,0.961525752,0.958833101,0.921925993,0.935887625,0.870122107,0.951629134,0.937975041,0.964275066,0.876294311,0.936640241,0.911410363,0.954010228,0.926996316,0.967790917,0.843316651,0.843136261,0.942357888,0.967125719,0.850412277,0.943421656,0.938996477,0.933365541,0.958616912,0.96540625,0.929452999,0.957684566,0.913676666,0.888492271,0.930700747,0.948495234,0.933899266,0.935499586,0.956723031,0.954567742,0.947220152,0.957888698,0.969291119,0.885858937,0.874537803,0.963973688,0.953413191,0.91451327,0.889969413,0.97385239,0.94949826,0.963922242,0.919506782,0.975112318,0.964871557,0.96030483,0.920899878,0.956151951,0.965486749,0.948417479,0.920520461,0.945647007,0.899850271,0.933231725,0.965691899,0.953732711,0.977789245,0.970097226,0.96848827,0.904679595
0.867759379,0.940293219,1,0.956418178,0.907940996,0.943769926,0.966640467,0.956523175,0.947613041,0.945109012,0.954907256,0.945384916,0.967454134,0.970254027,0.894985401,0.951920635,0.964027321,0.944245243,0.956816314,0.942182764,0.92613514,0.953655988,0.861596206,0.97711366,0.978355289,0.90666705,0.949546504,0.9630087,0.937008265,0.958257122,0.95981631,0.954974719,0.957919881,0.950554838,0.962026401,0.915255294,0.942103608,0.938566711,0.972240774,0.944311301,0.944851188,0.966504106,0.958747705,0.939002322,0.868456201,0.958678137,0.931563308,0.952726424,0.947005518,0.949348847,0.926549477,0.926198024,0.963638823,0.956139051,0.903166396,0.961659792,0.961793271,0.922690091,0.946860065,0.966941113,0.96509432,0.947742884,0.949909652,0.925262294,0.950022759,0.957314256,0.941073699,0.940283321,0.960353383,0.964511457,0.9547735,0.981529839,0.913123719,0.929075111,0.890671152,0.966719934,0.963877654,0.948377627,0.937608345,0.945162709,0.963635237,0.94003704,0.921154618,0.949906763,0.963228845,0.954536356,0.946036617,0.972821028,0.955324737,0.949168458,0.955418572,0.964414125,0.940325289,0.94278223,0.946657465,0.97961361,0.965303538,0.965414249,0.970682448,0.942961133
0.863382599,0.93629826,0.956418178,1,0.91771544,0.915731212,0.961865592,0.969176435,0.932597643,0.921528997,0.931078395,0.953359248,0.94917758,0.946698327,0.91454048,0.923409613,0.977862674,0.94851596,0.949028521,0.934419223,0.940714812,0.958535008,0.87519879,0.943052729,0.95265186,0.928804041,0.946592625,0.949264539,0.953419456,0.931045103,0.971682331,0.963749389,0.950222292,0.953010455,0.958603756,0.923926156,0.921743413,0.94942264,0.953397544,0.94825195,0.898560628,0.957552989,0.944228762,0.947441702,0.83038437,0.950810861,0.924566245,0.934963258,0.963057963,0.970850972,0.936403126,0.924584772,0.937198081,0.947526099,0.904879496,0.940308768,0.95187475,0.944234454,0.936098364,0.969872437,0.955883369,0.971029101,0.933483091,0.937189252,0.961306908,0.953327134,0.95565917,0.926822612,0.979182225,0.966399372,0.98774275,0.945383452,0.90909182,0.909690736,0.898690568,0.967678604,0.977087815,0.959120004,0.908524796,0.947317226,0.947948978,0.936801077,0.936494253,0.958178356,0.95853592,0.968676747,0.942644482,0.98119082,0.970446134,0.957462312,0.942690224,0.960040289,0.963439626,0.93683082,0.960058185,0.975651519,0.974614488,0.970172881,0.979386905,0.944585911
0.909641778,0.858554548,0.907940996,0.91771544,1,0.898297617,0.932623809,0.919239357,0.949245285,0.928753495,0.919948545,0.944179207,0.939057174,0.901852158,0.889489696,0.921607849,0.926385276,0.930024651,0.87743145,0.940991916,0.95177287,0.938354135,0.923190466,0.929053405,0.939939748,0.948848104,0.889015357,0.937753661,0.900758677,0.938631305,0.956090506,0.891074874,0.917854523,0.881669002,0.951391592,0.923216435,0.881316546,0.910738137,0.944651475,0.95018658,0.923413464,0.907264388,0.955014503,0.904946301,0.75371243,0.94337664,0.961091201,0.91346424,0.912521412,0.922967704,0.951514959,0.963876329,0.927915264,0.932088899,0.950497372,0.929071217,0.91628091,0.93540556,0.912731426,0.932773682,0.948172436,0.930408481,0.923801122,0.926755907,0.935134155,0.910200675,0.940376526,0.950036412,0.939156182,0.95058837,0.892902705,0.890029835,0.827914944,0.954060515,0.943058455,0.930518253,0.955789994,0.928059607,0.926982492,0.910661806,0.935852171,0.917675178,0.933715884,0.904350667,0.909517857,0.932198319,0.958962774,0.947942737,0.946561615,0.918406961,0.956149543,0.946940064,0.949304515,0.942923448,0.929104364,0.940453241,0.917895435,0.932382974,0.899698348,0.953081362
0.930726208,0.958374585,0.943769926,0.915731212,0.898297617,1,0.967954317,0.933625192,0.953367537,0.936742836,0.962232841,0.953629517,0.943612461,0.952119953,0.953601808,0.973280111,0.938799014,0.966636371,0.94246664,0.930971314,0.943287739,0.975152713,0.928981824,0.963069675,0.960114979,0.935206495,0.961588695,0.955992022,0.965016127,0.9493065,0.93981373,0.937011348,0.963722219,0.943249467,0.933067792,0.960623444,0.955733517,0.943842719,0.954734175,0.964399784,0.91788831,0.96037102,0.972857722,0.957184205,0.86267523,0.945288392,0.953354848,0.952396967,0.948051706,0.948848159,0.886102044,0.903912659,0.976183336,0.985503185,0.909606873,0.966138001,0.955137449,0.945950163,0.965640488,0.951665007,0.934110946,0.946702117,0.953873619,0.893666493,0.938383093,0.950781723,0.960284129,0.966151344,0.948679173,0.963271907,0.909305382,0.939920649,0.917947285,0.928625435,0.930559007,0.957448165,0.960982061,0.912101367,0.942401909,0.974212097,0.962491226,0.980740726,0.944272713,0.942615891,0.947352621,0.955312656,0.960684365,0.954368004,0.96193047,0.935773082,0.960392528,0.95683456,0.937064954,0.967925922,0.969953217,0.943865004,0.949797897,0.964569733,0.936817135,0.936114715
0.927988802,0.972003596,0.966640467,0.961865592,0.932623809,0.967954317,1,0.986421753,0.952520289,0.964123854,0.973424804,0.970909248,0.969876532,0.977344541,0.955019568,0.959715481,0.966127398,0.972683046,0.971317266,0.950926148,0.956809201,0.984513236,0.920275405,0.978147459,0.981169721,0.949257922,0.980383603,0.98014853,0.980945783,0.972930083,0.964966529,0.955079346,0.982129194,0.970852654,0.977427825,0.959380895,0.976469038,0.977207679,0.962432272,0.971856501,0.922978018,0.976290893,0.974275756,0.97485468,0.864382114,0.973551215,0.958595979,0.972502456,0.960173758,0.983066477,0.912235173,0.919467298,0.971976977,0.987890178,0.914199828,0.972029113,0.959930151,0.958783532,0.980298194,0.983040287,0.96462724,0.978443777,0.950491702,0.93601289,0.978581908,0.965009,0.965828274,0.975601903,0.975214573,0.989943373,0.959490035,0.966367633,0.943548371,0.951832293,0.930000389,0.978667865,0.978614286,0.959562575,0.946162567,0.977167698,0.981963679,0.980590481,0.958441135,0.97598528,0.984858542,0.986424004,0.970512434,0.980802472,0.992498628,0.962734378,0.976757413,0.973291905,0.953080166,0.967516451,0.989048765,0.9833952,0.986121459,0.993738216,0.97178963,0.968994091
0.909332356,0.962493943,0.956523175,0.969176435,0.919239357,0.933625192,0.986421753,1,0.943674412,0.956776299,0.952422257,0.968438015,0.967457023,0.973119598,0.94592299,0.938637438,0.977198485,0.969533755,0.970506828,0.937553877,0.955597861,0.970910996,0.905948277,0.968999348,0.971935026,0.945869552,0.974118915,0.975360042,0.976270375,0.96355633,0.957798841,0.953959841,0.97609443,0.978814033,0.983188451,0.953124746,0.974761982,0.985121298,0.946245921,0.961441183,0.892859145,0.965728796,0.953861788,0.976831271,0.871484932,0.973623662,0.943189172,0.970982645,0.952846276,0.984730346,0.906241161,0.911745242,0.958127518,0.967040582,0.907277607,0.965698751,0.954413448,0.953354105,0.971811635,0.981696006,0.955843612,0.973992735,0.939082305,0.928741128,0.95960865,0.969764781,0.954996878,0.959403383,0.975545069,0.971851457,0.969531683,0.965092822,0.948472726,0.933585842,0.918366986,0.966175652,0.968795832,0.959033785,0.934055864,0.970120092,0.974814383,0.962345675,0.956118467,0.981386395,0.980501346,0.983538159,0.95782235,0.971517641,0.981884821,0.950695089,0.963034184,0.974312336,0.947748397,0.951791238,0.982283742,0.983909805,0.987521651,0.988232352,0.981778232,0.954486317
0.955783843,0.916289111,0.947613041,0.932597643,0.949245285,0.953367537,0.952520289,0.943674412,1,0.954115262,0.964840651,0.979167397,0.977360199,0.951668078,0.943071853,0.976341795,0.957307263,0.972317225,0.922298474,0.958432708,0.962468621,0.975824988,0.95694054,0.975215544,0.981324896,0.964089471,0.947437774,0.969057364,0.95126574,0.972894872,0.973737996,0.941869518,0.96792653,0.938009068,0.969216942,0.97761257,0.94212831,0.950425871,0.966895836,0.978679035,0.951676638,0.941533433,0.985265879,0.959746411,0.867072331,0.965806868,0.970455384,0.966868244,0.943345516,0.956324414,0.927532848,0.951268647,0.978224165,0.967665992,0.973759778,0.983414445,0.962752885,0.964519588,0.961688945,0.965106149,0.947479576,0.946332693,0.982762449,0.909347347,0.936561732,0.967562448,0.963339861,0.981883349,0.951552323,0.960119965,0.915989076,0.944690144,0.912583277,0.960508972,0.966405251,0.952373846,0.971082454,0.93779648,0.971900776,0.960046275,0.980686431,0.964368764,0.96902112,0.938312845,0.949280838,0.965395644,0.97988248,0.965265918,0.962363324,0.929010407,0.98106946,0.988660594,0.953991141,0.983353139,0.964903726,0.960741533,0.9466384,0.963749395,0.942991173,0.964185562
0.919966152,0.903886517,0.945109012,0.921528997,0.928753495,0.936742836,0.964123854,0.956776299,0.954115262,1,0.945112519,0.942235608,0.95110923,0.957887029,0.922848002,0.942301824,0.946857021,0.964552838,0.917882204,0.968725091,0.948896985,0.951794265,0.917911588,0.964043654,0.97370103,0.953340316,0.93990837,0.966819506,0.943468389,0.967287442,0.950832545,0.907985932,0.965446275,0.922666947,0.97446346,0.949807872,0.962939903,0.951802526,0.957091572,0.957195141,0.939595102,0.953131218,0.96923278,0.9468304,0.83122585,0.955718524,0.95231329,0.961991746,0.938043699,0.939258953,0.907400831,0.936519234,0.974272777,0.956132525,0.931286074,0.96738972,0.961809545,0.930039708,0.960027891,0.954099534,0.928977448,0.923350247,0.955112899,0.914422664,0.936216531,0.947416797,0.945630584,0.97156932,0.940374364,0.951054518,0.91552239,0.938514344,0.87757353,0.970112272,0.935456094,0.924448972,0.942440748,0.93153227,0.970178126,0.929873253,0.972878738,0.948288856,0.959863188,0.931019999,0.952548766,0.952482561,0.964117622,0.943206529,0.956025864,0.910694734,0.985043403,0.968654572,0.941090754,0.9549257,0.958621269,0.964275758,0.931900601,0.965012612,0.936134758,0.978152598
0.93521287,0.950526586,0.954907256,0.931078395,0.919948545,0.962232841,0.973424804,0.952422257,0.964840651,0.945112519,1,0.961328896,0.975252955,0.968291132,0.953131318,0.962941858,0.944479599,0.958272156,0.943188226,0.941583145,0.951992187,0.97184001,0.935072232,0.978130775,0.97764012,0.953000805,0.970795018,0.966624763,0.962695993,0.965783523,0.955749721,0.942175768,0.9667373,0.961847155,0.956806027,0.962852192,0.959726523,0.962589159,0.958529704,0.967695905,0.947044037,0.962563504,0.979180516,0.966602323,0.873437794,0.966367629,0.951339868,0.963398501,0.946342885,0.964729143,0.905750191,0.915282871,0.976297938,0.972239613,0.932125471,0.966089338,0.95486459,0.961894694,0.967003383,0.971176624,0.965708649,0.963627628,0.954891041,0.899936102,0.96384904,0.952583206,0.962897708,0.979714911,0.946275815,0.974105391,0.931971483,0.955081497,0.942272283,0.943856774,0.934489197,0.969663707,0.969190757,0.930197205,0.952803326,0.966875605,0.976350568,0.973744718,0.962570139,0.943823241,0.977659883,0.969850808,0.963678607,0.967108405,0.977415118,0.958756464,0.967623299,0.967091741,0.936407253,0.966165221,0.970986361,0.961761939,0.963761612,0.975637918,0.947552592,0.958599916
0.945123043,0.942663974,0.945384916,0.953359248,0.944179207,0.953629517,0.970909248,0.968438015,0.979167397,0.942235608,0.961328896,1,0.977170517,0.966749456,0.964409882,0.960926647,0.972543745,0.979626662,0.946463129,0.958667398,0.963728423,0.984789629,0.952363891,0.969247478,0.9757815,0.963038745,0.970105199,0.96769996,0.974294091,0.964955059,0.974164982,0.95539673,0.969874484,0.961123661,0.976126897,0.97818031,0.954140392,0.973850304,0.962911875,0.984848228,0.926686501,0.953554738,0.97164009,0.9815832,0.870673428,0.969958182,0.965068787,0.963642842,0.960930697,0.977870515,0.92584116,0.946536884,0.966213166,0.971162084,0.954668717,0.97327755,0.953484041,0.968056041,0.976465798,0.975266134,0.950066979,0.972433412,0.963021235,0.938665465,0.957365736,0.9747656,0.971661796,0.97159899,0.970618073,0.977431476,0.944251806,0.946189703,0.938906405,0.943566922,0.95478421,0.971950494,0.974729837,0.963122637,0.95695874,0.979042226,0.97287627,0.97543703,0.966143653,0.966515705,0.964167102,0.980516281,0.979816543,0.975654074,0.978844221,0.950971395,0.973629127,0.981226801,0.963826349,0.975906978,0.983910156,0.969113265,0.968393571,0.977572524,0.95868997,0.953501932
0.934225763,0.944641096,0.967454134,0.94917758,0.939057174,0.943612461,0.969876532,0.967457023,0.977360199,0.95110923,0.975252955,0.977170517,1,0.975240953,0.939137064,0.955488673,0.972489512,0.969547883,0.96069492,0.952855495,0.94967462,0.979504463,0.925313741,0.989381525,0.990698167,0.948122236,0.974753574,0.980354456,0.95953961,0.979344841,0.96563811,0.959846629,0.977652889,0.96637968,0.982735892,0.956643835,0.95959536,0.974075981,0.965242776,0.970626237,0.956644545,0.965402097,0.977436799,0.971757621,0.872943378,0.978247934,0.957050813,0.984231322,0.952423602,0.971209529,0.914936966,0.931155882,0.974656971,0.968463397,0.941218207,0.976890929,0.960180672,0.9622962,0.972564733,0.984950282,0.962748781,0.970411347,0.968896865,0.925551449,0.956775863,0.982603289,0.961935657,0.974490845,0.967226115,0.973878494,0.952385716,0.973558995,0.947447578,0.948051876,0.932818654,0.976271991,0.973531293,0.962074692,0.957142444,0.967756392,0.982887738,0.970886981,0.960046029,0.956524013,0.978280672,0.975040359,0.975142139,0.979401228,0.97713317,0.960508966,0.967859823,0.987113139,0.947020199,0.973063813,0.973390869,0.98057754,0.971023262,0.977401809,0.970069034,0.961975824
0.914115418,0.949453693,0.970254027,0.946698327,0.901852158,0.952119953,0.977344541,0.973119598,0.951668078,0.957887029,0.968291132,0.966749456,0.975240953,1,0.946502422,0.950358176,0.961869995,0.961561485,0.966210919,0.959900719,0.94978937,0.972711183,0.914393871,0.977273359,0.980136333,0.941286618,0.977890978,0.971425861,0.959652155,0.969613581,0.95389842,0.953907481,0.970693368,0.968763706,0.97146072,0.95513082,0.97517446,0.981333994,0.955940073,0.969348538,0.933872719,0.983996488,0.963461848,0.96966675,0.920860389,0.973984912,0.945058889,0.979025197,0.95690457,0.97371383,0.902435872,0.924006614,0.976255323,0.963184277,0.925279949,0.963849113,0.958993404,0.948955001,0.976860908,0.968706917,0.951897944,0.968298314,0.956402093,0.920246576,0.959099783,0.974246303,0.960798255,0.961120665,0.955567879,0.974071864,0.949231826,0.96378317,0.948512415,0.922329763,0.926406716,0.970112788,0.957321965,0.95344721,0.970397383,0.972617285,0.974118983,0.972354065,0.959981487,0.954760801,0.976606828,0.975969224,0.968240511,0.967537949,0.970732099,0.955905318,0.968430853,0.970415185,0.95091773,0.961021256,0.975813613,0.975215482,0.96742348,0.982712284,0.967179648,0.957876076
0.961222686,0.937641643,0.894985401,0.91454048,0.889489696,0.953601808,0.955019568,0.94592299,0.943071853,0.922848002,0.953131318,0.964409882,0.939137064,0.946502422,1,0.929271685,0.932318101,0.976034107,0.930300822,0.932358249,0.94065818,0.970586667,0.970991378,0.935142042,0.943186076,0.954976346,0.960371215,0.936269012,0.968017021,0.932054712,0.931285925,0.936919906,0.959570821,0.947863645,0.937859654,0.982722283,0.959448488,0.967050809,0.915261634,0.961271727,0.876988614,0.941878618,0.94487332,0.979425381,0.870490736,0.941520902,0.94814995,0.94500378,0.945581034,0.957233662,0.856904154,0.889385475,0.946143734,0.958227087,0.927486755,0.947486211,0.931376233,0.968670494,0.965267417,0.945481702,0.909777178,0.954492301,0.940638532,0.870396337,0.941079492,0.95029909,0.958022237,0.965802673,0.926301299,0.949275284,0.907616038,0.908606935,0.941356805,0.910116747,0.950004681,0.941765713,0.94298315,0.907398561,0.936625165,0.970854237,0.95598653,0.980703868,0.965700494,0.931217077,0.95629374,0.970293406,0.962890429,0.931028255,0.962073178,0.916086244,0.954293928,0.945449816,0.940079017,0.964015644,0.981773586,0.920081444,0.945867317,0.963785452,0.923713365,0.938044778
0.933066584,0.940411343,0.951920635,0.923409613,0.921607849,0.973280111,0.959715481,0.938637438,0.976341795,0.942301824,0.962941858,0.960926647,0.955488673,0.950358176,0.929271685,1,0.941647307,0.954535455,0.928216823,0.931506287,0.949301655,0.969246257,0.928069287,0.965999448,0.971443213,0.945914876,0.946660401,0.958873552,0.950516103,0.957114382,0.955880479,0.930800901,0.955837154,0.938040193,0.950516207,0.960336174,0.940953408,0.936627965,0.957038221,0.967423897,0.933457836,0.939533325,0.980236549,0.950499293,0.877223813,0.955032276,0.955471291,0.956653061,0.927262593,0.953434687,0.916608197,0.928699292,0.977004595,0.973383413,0.940590583,0.976019232,0.95730925,0.939560216,0.955337988,0.953519934,0.93907598,0.941027148,0.963392136,0.904682244,0.929578594,0.950179773,0.943608973,0.972053502,0.947057038,0.959015235,0.904573191,0.943979751,0.915887816,0.943485025,0.943242941,0.952902258,0.966433393,0.91780438,0.960182723,0.961980136,0.966869868,0.962635801,0.949386757,0.947360881,0.940892624,0.951290063,0.95492764,0.963794245,0.959148171,0.924539962,0.966221515,0.973537186,0.932797439,0.973733382,0.958367196,0.958938804,0.949418647,0.961957727,0.945249429,0.948655915
0.889588109,0.94647277,0.964027321,0.977862674,0.926385276,0.938799014,0.966127398,0.977198485,0.957307263,0.946857021,0.944479599,0.972543745,0.972489512,0.961869995,0.932318101,0.941647307,1,0.977262426,0.955787369,0.949836295,0.957169021,0.97079874,0.899593177,0.966589514,0.969581056,0.952485268,0.967233232,0.967589251,0.969901304,0.958318076,0.965431329,0.953430488,0.96366192,0.968987696,0.978861055,0.946943454,0.952834503,0.972489417,0.973893921,0.971579612,0.916215548,0.970139037,0.962118886,0.971497138,0.840479276,0.968073811,0.946575071,0.959103402,0.967296616,0.971304877,0.931328767,0.940893949,0.96445692,0.960698239,0.919833706,0.966405438,0.968317466,0.95581913,0.966522164,0.983376192,0.962895626,0.963862086,0.946983046,0.951431698,0.945264762,0.978086,0.97004483,0.949027513,0.990853564,0.965591859,0.975762782,0.96378444,0.920613365,0.926840153,0.913515609,0.97296905,0.979795551,0.965258799,0.933599241,0.965004125,0.965145802,0.952745811,0.956245878,0.976198515,0.962723208,0.966967533,0.962718832,0.979115357,0.973050643,0.964735632,0.956462117,0.982616566,0.960231741,0.954663492,0.971755263,0.983422264,0.976459773,0.978871651,0.98809971,0.942785391
0.948315296,0.945214391,0.944245243,0.94851596,0.930024651,0.966636371,0.972683046,0.969533755,0.972317225,0.964552838,0.958272156,0.979626662,0.969547883,0.961561485,0.976034107,0.954535455,0.977262426,1,0.951884894,0.963313851,0.960210741,0.983821681,0.954327517,0.969010653,0.975631355,0.968715828,0.969158447,0.966981088,0.97948683,0.962157429,0.962579137,0.954949907,0.980973397,0.960764658,0.976001173,0.980441438,0.971087072,0.974897388,0.964296052,0.977751245,0.920892715,0.964854726,0.972954721,0.987655092,0.850405441,0.969736467,0.972689841,0.967061115,0.968624526,0.966998175,0.90901499,0.936535968,0.976574379,0.978312576,0.944251765,0.981877877,0.969823074,0.968848315,0.980209347,0.977084821,0.942044932,0.960629368,0.967560339,0.919943209,0.951061299,0.980023724,0.974612639,0.979416348,0.968465032,0.967291488,0.941188957,0.950184469,0.927787629,0.952316704,0.95538858,0.961314287,0.970566968,0.945118261,0.956367983,0.974974935,0.979543889,0.981220873,0.973167108,0.960281635,0.96969021,0.97711757,0.983135333,0.963881033,0.976175493,0.936761004,0.979112595,0.981385719,0.965815104,0.979937577,0.988915411,0.962586142,0.966123372,0.980209139,0.961284603,0.962032422
0.894931834,0.972946909,0.956816314,0.949028521,0.87743145,0.94246664,0.971317266,0.970506828,0.922298474,0.917882204,0.943188226,0.946463129,0.96069492,0.966210919,0.930300822,0.928216823,0.955787369,0.951884894,1,0.909630982,0.917724546,0.967368448,0.879167557,0.96318874,0.956472582,0.90813359,0.973805101,0.954321826,0.962718508,0.947077233,0.928309653,0.964738695,0.969843215,0.976056838,0.953946193,0.926189698,0.966191095,0.964789823,0.93143039,0.936372786,0.882510105,0.971556234,0.935449492,0.95887205,0.882338826,0.968253357,0.929358707,0.962354904,0.940804609,0.974885641,0.865330355,0.870752924,0.947229509,0.960606513,0.873037016,0.956285924,0.938067773,0.920073772,0.957654003,0.97772774,0.937558071,0.965928046,0.927817441,0.890042666,0.954262395,0.973706262,0.933834147,0.938620959,0.962758876,0.961851889,0.950626064,0.970296361,0.962518402,0.903926857,0.895921748,0.971804886,0.951428122,0.932637129,0.909555626,0.971263973,0.962274364,0.966782091,0.93067212,0.968268071,0.974547391,0.968737667,0.945124194,0.964104049,0.960672181,0.945608057,0.932425598,0.952045157,0.92265918,0.944340142,0.9701459,0.960278459,0.983796865,0.968102455,0.975332884,0.925439521
0.916764742,0.884990199,0.942182764,0.934419223,0.940991916,0.930971314,0.950926148,0.937553877,0.958432708,0.968725091,0.941583145,0.958667398,0.952855495,0.959900719,0.932358249,0.931506287,0.949836295,0.963313851,0.909630982,1,0.945968792,0.960599494,0.932096478,0.946975329,0.962538269,0.960250739,0.931482639,0.946478155,0.933628592,0.957561517,0.955526303,0.913756632,0.942761529,0.905886797,0.971402849,0.949115617,0.932473524,0.946814286,0.973582648,0.971186429,0.953546526,0.955997229,0.960942387,0.946008512,0.837036828,0.957593573,0.97002698,0.940187898,0.941162636,0.942278836,0.923190641,0.96864658,0.961466,0.943128644,0.95440101,0.946140877,0.958105244,0.94293192,0.958395261,0.950022641,0.938873433,0.930819132,0.947760622,0.944396797,0.946303236,0.943902868,0.963702144,0.956341451,0.940868002,0.964382314,0.915529959,0.911975724,0.868178568,0.940099819,0.953756172,0.945483831,0.94644903,0.946307917,0.976217323,0.935629076,0.95407655,0.945417286,0.962357208,0.921732533,0.941795511,0.951435994,0.9774909,0.953221478,0.954944883,0.930482865,0.978269907,0.958134316,0.966716962,0.957562329,0.955408731,0.951056827,0.928604822,0.962407787,0.929403007,0.973214267
0.918098948,0.916509169,0.92613514,0.940714812,0.95177287,0.943287739,0.956809201,0.955597861,0.962468621,0.948896985,0.951992187,0.963728423,0.94967462,0.94978937,0.94065818,0.949301655,0.957169021,0.960210741,0.917724546,0.945968792,1,0.964015422,0.948454287,0.958060183,0.954166689,0.978636538,0.939136055,0.970526258,0.950576221,0.953553079,0.961431524,0.923382237,0.951785205,0.937352891,0.957193916,0.970693356,0.937309998,0.963309084,0.955641523,0.979612268,0.906253311,0.956117113,0.973205227,0.94938264,0.853491835,0.968309155,0.966679241,0.953112322,0.947343076,0.964301917,0.938870438,0.951378953,0.972828282,0.959789936,0.952813855,0.952686825,0.96331655,0.969586744,0.948871125,0.954713481,0.963462696,0.959991273,0.94633966,0.91029958,0.935296659,0.945042844,0.981101073,0.965703798,0.963891642,0.96367653,0.927457182,0.915265162,0.886008744,0.930960794,0.962724318,0.950669457,0.972703374,0.921036366,0.956816157,0.965900594,0.960502478,0.956701093,0.977682784,0.942168907,0.939624246,0.96528992,0.971303084,0.962605219,0.967715529,0.948999987,0.970341861,0.973809581,0.970888309,0.956852308,0.965469983,0.960854574,0.949753996,0.967559613,0.939478365,0.951555963
0.956029048,0.964400475,0.953655988,0.958535008,0.938354135,0.975152713,0.984513236,0.970910996,0.975824988,0.951794265,0.97184001,0.984789629,0.979504463,0.972711183,0.970586667,0.969246257,0.97079874,0.983821681,0.967368448,0.960599494,0.964015422,1,0.95147892,0.976728472,0.980587893,0.965349554,0.981182888,0.979596211,0.982232026,0.978661632,0.966048664,0.960360795,0.982431607,0.964414755,0.976975586,0.977532028,0.968146473,0.980528747,0.967202613,0.987799257,0.932553259,0.974925631,0.982600239,0.981551085,0.879756055,0.977835181,0.976731193,0.979331168,0.959458592,0.988121668,0.905061379,0.928551879,0.978092782,0.988934187,0.940476258,0.978022321,0.965765504,0.975854593,0.986459325,0.985150162,0.958878365,0.977643425,0.966246165,0.931885852,0.966100278,0.980331269,0.980526211,0.982025476,0.977074711,0.98665594,0.947292245,0.954813053,0.948102302,0.943325389,0.957704999,0.983272169,0.983972259,0.95648294,0.958591545,0.989112908,0.984374078,0.991260004,0.976234792,0.970577639,0.973114431,0.987664912,0.986199458,0.983736395,0.989550583,0.963792301,0.976617242,0.984350982,0.961576295,0.987725418,0.992906613,0.973487174,0.97955392,0.990745651,0.969125475,0.966809399
0.981146028,0.87371781,0.861596206,0.87519879,0.923190466,0.928981824,0.920275405,0.905948277,0.95694054,0.917911588,0.935072232,0.952363891,0.925313741,0.914393871,0.970991378,0.928069287,0.899593177,0.954327517,0.879167557,0.932096478,0.948454287,0.95147892,1,0.917443719,0.928149006,0.967843021,0.91347299,0.920319473,0.926128552,0.92690412,0.927444706,0.897172276,0.933110264,0.898835086,0.924245415,0.981581971,0.920165434,0.934080716,0.903828651,0.958397748,0.886054635,0.907577433,0.946764104,0.941154281,0.836383668,0.934478062,0.960236969,0.927166902,0.914953619,0.927950286,0.871407652,0.913732383,0.938593145,0.935769986,0.966987759,0.938540936,0.910401834,0.955474404,0.936071956,0.917117432,0.89496594,0.92388311,0.941466978,0.848724914,0.915675855,0.926073727,0.944732002,0.96957593,0.89771364,0.927740313,0.852302381,0.867905587,0.882110677,0.925398364,0.983842048,0.90988526,0.926804709,0.880801581,0.951386778,0.940631323,0.944560507,0.958639809,0.96794385,0.887868784,0.914664168,0.944408179,0.967558761,0.909705005,0.93499955,0.883090107,0.95698648,0.938947327,0.934559651,0.966227156,0.953317641,0.895004127,0.902761802,0.931412498,0.876754726,0.941075044
0.92622688,0.956664499,0.97711366,0.943052729,0.929053405,0.963069675,0.978147459,0.968999348,0.975215544,0.964043654,0.978130775,0.969247478,0.989381525,0.977273359,0.935142042,0.965999448,0.966589514,0.969010653,0.96318874,0.946975329,0.958060183,0.976728472,0.917443719,1,0.992467444,0.940656604,0.975474071,0.990302913,0.964722982,0.979340867,0.964769007,0.958832644,0.986772024,0.965787347,0.975026798,0.959269063,0.969890044,0.968657165,0.969109315,0.966108252,0.951844732,0.970354856,0.982934658,0.966845103,0.883074776,0.975143006,0.955502412,0.987221438,0.953467587,0.96738705,0.914140262,0.923308175,0.986900111,0.979895752,0.929418983,0.982135058,0.974196496,0.956001403,0.970745811,0.981904599,0.962879089,0.965450478,0.972830282,0.912131516,0.951880438,0.975223275,0.961724567,0.976357903,0.967017635,0.975195397,0.949461869,0.979086716,0.941404138,0.95413066,0.930285903,0.970104654,0.972247773,0.946289944,0.959000462,0.972036309,0.986956216,0.974377722,0.955402678,0.959438886,0.979882212,0.975647213,0.970537245,0.977427008,0.975918852,0.955446166,0.974769972,0.987067303,0.945986438,0.966738374,0.973345556,0.983058012,0.971016596,0.978965776,0.968141221,0.961060677
0.937131386,0.94775022,0.978355289,0.95265186,0.939939748,0.960114979,0.981169721,0.971935026,0.981324896,0.97370103,0.97764012,0.9757815,0.990698167,0.980136333,0.943186076,0.971443213,0.969581056,0.975631355,0.956472582,0.962538269,0.954166689,0.980587893,0.928149006,0.992467444,1,0.94794439,0.97147051,0.98675863,0.962756348,0.981138505,0.978454736,0.964097203,0.987366607,0.961959741,0.983676785,0.962180907,0.96758641,0.968866891,0.969823506,0.972177124,0.965352687,0.968051474,0.987681419,0.972328902,0.877387763,0.972848706,0.959595052,0.985385784,0.962862876,0.968623807,0.924450886,0.938332104,0.984791902,0.97901263,0.947643496,0.987262968,0.971565955,0.960119973,0.974730557,0.980540378,0.958274375,0.966592079,0.983216517,0.924522974,0.962366519,0.979999734,0.963866974,0.983616388,0.964947222,0.976109446,0.952023976,0.979171342,0.937529378,0.96704623,0.938892627,0.967217324,0.975909606,0.959875831,0.970128319,0.964622939,0.99109014,0.975375654,0.961099565,0.954978298,0.980503328,0.980482049,0.977029246,0.978527547,0.979804004,0.947255677,0.985811795,0.990369178,0.956348931,0.980824127,0.97785405,0.986530618,0.967972825,0.982675866,0.967625991,0.976004773
0.943386872,0.900294991,0.90666705,0.928804041,0.948848104,0.935206495,0.949257922,0.945869552,0.964089471,0.953340316,0.953000805,0.963038745,0.948122236,0.941286618,0.954976346,0.945914876,0.952485268,0.968715828,0.90813359,0.960250739,0.978636538,0.965349554,0.967843021,0.940656604,0.94794439,1,0.939699442,0.946277348,0.953966786,0.954031202,0.949535199,0.901621211,0.941804874,0.930894642,0.963538222,0.97777831,0.94156458,0.962330383,0.955137531,0.984399807,0.908509315,0.948438215,0.968413082,0.956865818,0.826491784,0.969200717,0.973296112,0.942874695,0.936399045,0.95937436,0.92342668,0.955070198,0.96522349,0.951464563,0.961649036,0.954546847,0.948594287,0.961675278,0.958599914,0.956749937,0.946324564,0.943453031,0.938168332,0.918889397,0.939673842,0.944646391,0.969473442,0.974020748,0.951245082,0.957952253,0.906419273,0.901248063,0.884997573,0.941324075,0.973034196,0.946764554,0.961902875,0.922666029,0.962590467,0.954846642,0.959230918,0.956668915,0.991441139,0.938619394,0.938364978,0.954779694,0.976336025,0.951919416,0.964935876,0.937581902,0.969927965,0.967456377,0.955599977,0.965623601,0.9682158,0.94517999,0.941306914,0.964878591,0.932994241,0.963180289
0.924389865,0.980542869,0.949546504,0.946592625,0.889015357,0.961588695,0.980383603,0.974118915,0.947437774,0.93990837,0.970795018,0.970105199,0.974753574,0.977890978,0.960371215,0.946660401,0.967233232,0.969158447,0.973805101,0.931482639,0.939136055,0.981182888,0.91347299,0.975474071,0.97147051,0.939699442,1,0.970398912,0.988169483,0.964855101,0.942931113,0.952064609,0.978834132,0.984198935,0.96320236,0.960476492,0.982926775,0.985877517,0.947988412,0.966764273,0.912063295,0.974604477,0.962077863,0.98360744,0.884367837,0.961716514,0.93287402,0.978771704,0.955622894,0.979978232,0.873645571,0.887691528,0.967402021,0.975475461,0.89612183,0.965445815,0.951100398,0.955270254,0.98492543,0.981911524,0.94172834,0.971440471,0.945097256,0.917229933,0.955346805,0.975919843,0.958500334,0.961881237,0.96734205,0.97209623,0.958425127,0.966271248,0.973468559,0.9200589,0.907946328,0.975456232,0.963407085,0.951385738,0.934701007,0.982075803,0.973315477,0.982217847,0.956434513,0.97479602,0.982574194,0.976420094,0.957817349,0.969085305,0.980993361,0.9657607,0.951664861,0.969964852,0.926783081,0.957956717,0.985716513,0.969988237,0.97812916,0.984893947,0.975751273,0.942177873
0.92588419,0.956408477,0.9630087,0.949264539,0.937753661,0.955992022,0.98014853,0.975360042,0.969057364,0.966819506,0.966624763,0.96769996,0.980354456,0.971425861,0.936269012,0.958873552,0.967589251,0.966981088,0.954321826,0.946478155,0.970526258,0.979596211,0.920319473,0.990302913,0.98675863,0.946277348,0.970398912,1,0.965163289,0.982346961,0.963880692,0.949831001,0.984758867,0.956759757,0.977584579,0.958220583,0.965652311,0.97599709,0.961046035,0.971888845,0.94009806,0.968105532,0.983218562,0.965064365,0.877464969,0.968799313,0.957449219,0.988693772,0.95005638,0.97451527,0.90600671,0.919091674,0.981287329,0.979043406,0.926079109,0.973082702,0.973521209,0.966400044,0.972003017,0.977776722,0.962481828,0.96609848,0.965092201,0.919621991,0.944826578,0.970046667,0.972369258,0.974828317,0.972936221,0.972868034,0.953379421,0.966002002,0.93036204,0.946698029,0.933195554,0.962618564,0.975983292,0.947600292,0.954430139,0.970592626,0.983974745,0.971228716,0.9621908,0.961646303,0.969158996,0.979890867,0.969370813,0.97614562,0.980627033,0.956590151,0.975027989,0.988327302,0.950484404,0.967341915,0.975024644,0.986521213,0.968173468,0.983791237,0.965733176,0.960447229
0.929329783,0.975741273,0.937008265,0.953419456,0.900758677,0.965016127,0.980945783,0.976270375,0.95126574,0.943468389,0.962695993,0.974294091,0.95953961,0.959652155,0.968017021,0.950516103,0.969901304,0.97948683,0.962718508,0.933628592,0.950576221,0.982232026,0.926128552,0.964722982,0.962756348,0.953966786,0.988169483,0.965163289,1,0.957024751,0.94796654,0.946317395,0.97559767,0.977280943,0.963187554,0.970918877,0.974745335,0.979949114,0.953257389,0.970007664,0.895085333,0.96164108,0.961474197,0.9887555,0.857412824,0.962288985,0.94612327,0.963388405,0.955406006,0.98238068,0.886357102,0.897988862,0.966236776,0.98268689,0.899905585,0.969615422,0.954521032,0.957290914,0.98449484,0.981584371,0.940602758,0.96644587,0.940404065,0.923770317,0.952441154,0.968118814,0.965419679,0.963744358,0.974209058,0.972283565,0.95400258,0.949133678,0.954401767,0.930458154,0.925832223,0.967796127,0.967608928,0.949215463,0.926897377,0.983091499,0.97013278,0.978516621,0.959975127,0.981102105,0.97296698,0.975792815,0.95909039,0.969381769,0.983222729,0.953319832,0.957122609,0.969646186,0.938121161,0.959334412,0.989238528,0.965598883,0.97874627,0.984096632,0.969939228,0.942920072
0.944102785,0.93557775,0.958257122,0.931045103,0.938631305,0.9493065,0.972930083,0.96355633,0.972894872,0.967287442,0.965783523,0.964955059,0.979344841,0.969613581,0.932054712,0.957114382,0.958318076,0.962157429,0.947077233,0.957561517,0.953553079,0.978661632,0.92690412,0.979340867,0.981138505,0.954031202,0.964855101,0.982346961,0.957024751,1,0.951410987,0.923300479,0.969814734,0.949765643,0.981785512,0.957009621,0.968847437,0.971249826,0.964807644,0.979101798,0.94109038,0.964793335,0.977124363,0.955934813,0.872366482,0.975150549,0.964346515,0.980403183,0.931695614,0.969121794,0.894229277,0.924592763,0.974035187,0.970923431,0.929490695,0.976324011,0.948901051,0.953958227,0.982060301,0.975342754,0.96257649,0.94585276,0.954297897,0.928992073,0.947126216,0.968538087,0.961674563,0.977519593,0.959872305,0.967879346,0.923644717,0.960822373,0.924480038,0.952323666,0.938612093,0.96114301,0.966125375,0.955366366,0.96208641,0.961321083,0.987097188,0.963860329,0.966806131,0.956594352,0.957640323,0.96787744,0.977702671,0.964510345,0.969328952,0.951452543,0.975201621,0.981388925,0.931640552,0.973532783,0.968255856,0.973222736,0.960258372,0.978381957,0.954333724,0.962563116
0.914244482,0.916667644,0.95981631,0.971682331,0.956090506,0.93981373,0.964966529,0.957798841,0.973737996,0.950832545,0.955749721,0.974164982,0.96563811,0.95389842,0.931285925,0.955880479,0.965431329,0.962579137,0.928309653,0.955526303,0.961431524,0.966048664,0.927444706,0.964769007,0.978454736,0.949535199,0.942931113,0.963880692,0.94796654,0.951410987,1,0.965739562,0.967563235,0.9449937,0.96436792,0.955989717,0.930368943,0.944969728,0.962916107,0.966632607,0.944532544,0.951692232,0.977727265,0.950030205,0.836388353,0.956667883,0.946912593,0.950640658,0.977698493,0.959374921,0.965102798,0.959382397,0.962838291,0.962562767,0.9626739,0.96963917,0.9567461,0.95805382,0.943038738,0.96459588,0.955449034,0.969335608,0.977757436,0.923127948,0.969908028,0.961182173,0.964644185,0.965515834,0.964551352,0.970287811,0.957589476,0.951927128,0.899527671,0.963189247,0.940233315,0.957311125,0.982097283,0.957231037,0.952073939,0.947552414,0.972877036,0.956276345,0.954064945,0.93709144,0.96058523,0.976768026,0.971225121,0.976977318,0.971796991,0.940554925,0.980520152,0.978542489,0.97735029,0.969281999,0.966967911,0.97541357,0.956051673,0.966815393,0.95260085,0.971845731
0.895896406,0.946070294,0.954974719,0.963749389,0.891074874,0.937011348,0.955079346,0.953959841,0.941869518,0.907985932,0.942175768,0.95539673,0.959846629,0.953907481,0.936919906,0.930800901,0.953430488,0.954949907,0.964738695,0.913756632,0.923382237,0.960360795,0.897172276,0.958832644,0.964097203,0.901621211,0.952064609,0.949831001,0.946317395,0.923300479,0.965739562,1,0.971948248,0.962396573,0.938595313,0.935422943,0.932346083,0.944108615,0.92643285,0.931236413,0.905155306,0.950746991,0.944165601,0.956050712,0.875719322,0.944991978,0.919937033,0.951764444,0.971142987,0.957419288,0.903433847,0.8936331,0.944299416,0.955662658,0.913158892,0.956064303,0.944510682,0.943877745,0.933395323,0.958783553,0.928917163,0.976243335,0.965276298,0.87153928,0.955091242,0.971144544,0.944336429,0.938606709,0.95023283,0.953505063,0.963663326,0.962153549,0.944501786,0.911884983,0.90638207,0.956884902,0.960675545,0.933426665,0.914855498,0.958001176,0.958729968,0.961856357,0.92294984,0.931268509,0.968919294,0.975523311,0.946756146,0.96340293,0.957014036,0.925981347,0.942969521,0.956876216,0.956411617,0.953059465,0.963759602,0.95511139,0.964817036,0.955678395,0.958358661,0.933580049
0.944185231,0.962619676,0.957919881,0.950222292,0.917854523,0.963722219,0.982129194,0.97609443,0.96792653,0.965446275,0.9667373,0.969874484,0.977652889,0.970693368,0.959570821,0.955837154,0.96366192,0.980973397,0.969843215,0.942761529,0.951785205,0.982431607,0.933110264,0.986772024,0.987366607,0.941804874,0.978834132,0.984758867,0.97559767,0.969814734,0.967563235,0.971948248,1,0.968968972,0.971807061,0.96920539,0.980260498,0.973546201,0.948591693,0.961894901,0.928165463,0.96877639,0.9763953,0.975944459,0.87749719,0.966226938,0.951388782,0.986995021,0.966589505,0.972872568,0.893692024,0.904483222,0.976874728,0.982289502,0.928483538,0.984548337,0.967976516,0.959833673,0.971708709,0.981579001,0.939270098,0.969619104,0.978334336,0.893446576,0.960003983,0.982329387,0.960317891,0.980475764,0.963271991,0.969226482,0.953013582,0.974305999,0.951195436,0.957981686,0.936528778,0.959756082,0.969272852,0.940733968,0.950928539,0.972331739,0.991931117,0.986343348,0.962249113,0.958240353,0.985654683,0.989247013,0.972942676,0.968561399,0.978564571,0.937668619,0.978086078,0.983682461,0.949625742,0.975527384,0.98724492,0.974002102,0.971827826,0.981531488,0.966270721,0.967376845
